data <- structure(list(FEV1_BIN = c(
  NA, 1L, NA, 0L, NA, 1L, 1L, 1L,
  NA, 1L, NA, 1L, 1L, 1L, NA, 1L, 1L, NA, 1L, 1L, NA, NA, 1L, NA,
  1L, 1L, NA, 1L, 1L, 1L, 1L, 1L, 1L, 1L, NA, 1L, NA, NA, 1L, NA,
  1L, 1L, 1L, 1L, 1L, 1L, 1L, NA, NA, NA, 1L, 1L, NA, NA, 1L, NA,
  NA, NA, 1L, 1L, NA, 1L, NA, 1L, 0L, NA, NA, 1L, 1L, 1L, NA, 1L,
  1L, 1L, 1L, 1L, NA, 1L, 1L, NA, NA, 1L, 1L, 1L, 1L, 1L, 1L, 1L,
  0L, 1L, 1L, NA, 0L, 1L, 1L, 1L, 1L, 1L, 1L, 1L, 1L, 1L, 1L, 1L,
  0L, NA, 1L, 1L, 1L, 1L, 1L, 1L, 1L, 1L, NA, 1L, 1L, 1L, 1L, 1L,
  0L, NA, 1L, NA, 1L, NA, NA, 1L, 0L, 1L, NA, 1L, 1L, 1L, 1L, 1L,
  1L, 1L, NA, 1L, NA, 1L, NA, 1L, 1L, 1L, 1L, 1L, 1L, NA, 1L, NA,
  1L, NA, 1L, 1L, 1L, 1L, 1L, NA, NA, 1L, 1L, 1L, 1L, NA, NA, 1L,
  0L, 1L, 1L, 1L, 1L, NA, NA, NA, 1L, 1L, 1L, 1L, 0L, 1L, 1L, NA,
  0L, 1L, 1L, NA, NA, 1L, 1L, NA, 1L, 1L, 1L, NA, 0L, 1L, 1L, NA,
  0L, 1L, NA, 1L, NA, 1L, NA, 1L, 1L, 1L, NA, NA, NA, NA, NA, NA,
  1L, 1L, 1L, NA, 0L, NA, NA, 1L, NA, 1L, 1L, 1L, NA, 1L, 1L, NA,
  1L, NA, 1L, 1L, 1L, 1L, 1L, 1L, 1L, 1L, NA, 1L, NA, 0L, NA, NA,
  NA, 1L, 1L, 1L, 1L, 0L, NA, 1L, 1L, 1L, 1L, 1L, 1L, 1L, 1L, 1L,
  1L, 1L, 1L, 1L, 1L, 1L, NA, NA, 1L, 1L, 1L, 1L, 0L, 1L, NA, 1L,
  1L, 1L, 1L, 1L, 1L, 1L, 1L, NA, NA, NA, 1L, 1L, 1L, NA, 1L, 1L,
  NA, 1L, 1L, 1L, 1L, NA, NA, 1L, 1L, 1L, 1L, 0L, NA, 1L, 1L, 1L,
  NA, NA, NA, 1L, 1L, 1L, 1L, NA, NA, 1L, 1L, 1L, 1L, NA, 1L, 1L,
  1L, 1L, 1L, 1L, NA, NA, NA, 1L, NA, NA, 1L, 1L, 1L, 1L, 1L, 1L,
  0L, NA, 1L, NA, 0L, NA, 1L, 1L, 1L, 1L, 1L, 1L, 0L, NA, NA, NA,
  NA, NA, 1L, 1L, 1L, NA, 1L, 1L, NA, 1L, 1L, 1L, 1L, NA, 1L, 1L,
  NA, 1L, 1L, NA, 1L, 1L, NA, 1L, 1L, 1L, NA, 1L, 0L, 0L, 1L, 1L,
  NA, 1L, NA, NA, 1L, 1L, 1L, NA, NA, 1L, 1L, NA, 1L, 1L, 1L, 1L,
  1L, 0L, 1L, NA, 1L, NA, 1L, 1L, NA, 1L, 1L, NA, 0L, 1L, 1L, 1L,
  NA, NA, 1L, 1L, 1L, 1L, 1L, 1L, NA, 1L, 1L, 1L, NA, 1L, 1L, NA,
  NA, NA, NA, 1L, 1L, NA, 1L, NA, 1L, 1L, 1L, NA, 0L, 1L, 1L, 1L,
  1L, 1L, 1L, NA, 1L, NA, 1L, 1L, 0L, NA, NA, NA, 1L, 1L, 1L, NA,
  1L, 1L, NA, NA, 1L, NA, NA, NA, NA, NA, NA, 1L, NA, NA, 1L, NA,
  1L, 1L, 1L, NA, NA, 1L, 1L, 1L, 1L, 1L, 1L, NA, 1L, 1L, NA, 1L,
  1L, NA, NA, 1L, 1L, 1L, 1L, 1L, 1L, NA, NA, NA, NA, 1L, 1L, NA,
  0L, 1L, 1L, 0L, NA, 1L, 1L, 1L, NA, 1L, 1L, 1L, NA, 1L, 1L, 1L,
  1L, 1L, 1L, 0L, 1L, NA, NA, 1L, 0L, 1L, 1L, 1L, 1L, 1L, 1L, NA,
  NA, NA, 1L, 1L, 0L, 1L, NA, 1L, NA, 1L, NA, 1L, NA, NA, NA, NA,
  0L, 1L, NA, 1L, 0L, 0L, 1L, 1L, 1L, 1L, 1L, NA, NA, 1L, 1L, 1L,
  1L, 1L, 1L, NA, NA, 1L, 1L, NA, 1L, 1L, 1L, 1L, NA, NA, 1L, 1L,
  1L, 1L, NA, 1L, NA, 1L, NA, 1L, 0L, 1L, 1L, 1L, 1L, 1L, NA, 1L,
  1L, NA, 1L, 1L, 1L, 1L, 1L, 1L, 1L, NA, NA, 1L, NA, 1L, 1L, 1L,
  0L, 1L, NA, NA, NA, 1L, 1L, 1L, NA, 1L, NA, NA, 0L, NA, NA, 1L,
  NA, 1L, NA, 1L, NA, 1L, 1L, 1L, 1L, NA, NA, NA, 0L, NA, NA, NA,
  1L, 1L, NA, 1L, 0L, 1L, 1L, NA, 0L, 1L, NA, NA, NA, 1L, 1L, 1L,
  NA, 0L, NA, 1L, 1L, 1L, 1L, NA, 1L, 1L, 1L, NA, 1L, 1L, 1L, NA,
  0L, 1L, NA, 1L, 1L, 1L, NA, 1L, NA, NA, 1L, NA, 1L, NA, NA, 1L,
  1L, NA, 1L, 1L, 0L, 1L, 1L, NA, 1L, NA, 1L, 1L, NA, NA, 1L, 1L,
  1L, 1L, NA, NA, NA, 1L, NA, 1L, NA, 1L, 1L, 1L, 1L, 1L, NA, 1L,
  1L, NA, NA, NA, 1L, NA, 1L, NA, 1L, 1L, 1L, NA, 1L, 1L, 1L, 1L,
  1L, NA, NA, 1L, 1L, 1L, 1L, 1L, NA, 1L, 1L, 1L, 0L, 1L, 1L, 1L,
  NA, 1L, 1L, NA, 0L, 1L, NA, 1L, NA, NA, NA, 1L, 1L, 1L, NA, 1L,
  NA, NA, NA, NA, 1L, 1L, NA, 1L
), ARMCD = structure(c(
  2L, 2L,
  2L, 2L, 1L, 1L, 1L, 1L, 1L, 1L, 1L, 1L, 2L, 2L, 2L, 2L, 1L, 1L,
  1L, 1L, 1L, 1L, 1L, 1L, 1L, 1L, 1L, 1L, 1L, 1L, 1L, 1L, 2L, 2L,
  2L, 2L, 1L, 1L, 1L, 1L, 2L, 2L, 2L, 2L, 1L, 1L, 1L, 1L, 2L, 2L,
  2L, 2L, 1L, 1L, 1L, 1L, 1L, 1L, 1L, 1L, 1L, 1L, 1L, 1L, 1L, 1L,
  1L, 1L, 2L, 2L, 2L, 2L, 2L, 2L, 2L, 2L, 2L, 2L, 2L, 2L, 2L, 2L,
  2L, 2L, 2L, 2L, 2L, 2L, 1L, 1L, 1L, 1L, 2L, 2L, 2L, 2L, 2L, 2L,
  2L, 2L, 2L, 2L, 2L, 2L, 2L, 2L, 2L, 2L, 2L, 2L, 2L, 2L, 2L, 2L,
  2L, 2L, 2L, 2L, 2L, 2L, 1L, 1L, 1L, 1L, 2L, 2L, 2L, 2L, 2L, 2L,
  2L, 2L, 1L, 1L, 1L, 1L, 2L, 2L, 2L, 2L, 2L, 2L, 2L, 2L, 1L, 1L,
  1L, 1L, 1L, 1L, 1L, 1L, 1L, 1L, 1L, 1L, 1L, 1L, 1L, 1L, 1L, 1L,
  1L, 1L, 1L, 1L, 1L, 1L, 2L, 2L, 2L, 2L, 2L, 2L, 2L, 2L, 1L, 1L,
  1L, 1L, 1L, 1L, 1L, 1L, 2L, 2L, 2L, 2L, 1L, 1L, 1L, 1L, 1L, 1L,
  1L, 1L, 2L, 2L, 2L, 2L, 2L, 2L, 2L, 2L, 2L, 2L, 2L, 2L, 1L, 1L,
  1L, 1L, 2L, 2L, 2L, 2L, 2L, 2L, 2L, 2L, 1L, 1L, 1L, 1L, 2L, 2L,
  2L, 2L, 2L, 2L, 2L, 2L, 2L, 2L, 2L, 2L, 2L, 2L, 2L, 2L, 2L, 2L,
  2L, 2L, 1L, 1L, 1L, 1L, 1L, 1L, 1L, 1L, 1L, 1L, 1L, 1L, 2L, 2L,
  2L, 2L, 2L, 2L, 2L, 2L, 2L, 2L, 2L, 2L, 2L, 2L, 2L, 2L, 1L, 1L,
  1L, 1L, 1L, 1L, 1L, 1L, 2L, 2L, 2L, 2L, 2L, 2L, 2L, 2L, 1L, 1L,
  1L, 1L, 1L, 1L, 1L, 1L, 1L, 1L, 1L, 1L, 2L, 2L, 2L, 2L, 2L, 2L,
  2L, 2L, 2L, 2L, 2L, 2L, 1L, 1L, 1L, 1L, 2L, 2L, 2L, 2L, 1L, 1L,
  1L, 1L, 1L, 1L, 1L, 1L, 2L, 2L, 2L, 2L, 1L, 1L, 1L, 1L, 1L, 1L,
  1L, 1L, 2L, 2L, 2L, 2L, 1L, 1L, 1L, 1L, 1L, 1L, 1L, 1L, 1L, 1L,
  1L, 1L, 1L, 1L, 1L, 1L, 2L, 2L, 2L, 2L, 2L, 2L, 2L, 2L, 1L, 1L,
  1L, 1L, 1L, 1L, 1L, 1L, 1L, 1L, 1L, 1L, 1L, 1L, 1L, 1L, 2L, 2L,
  2L, 2L, 1L, 1L, 1L, 1L, 1L, 1L, 1L, 1L, 1L, 1L, 1L, 1L, 2L, 2L,
  2L, 2L, 1L, 1L, 1L, 1L, 1L, 1L, 1L, 1L, 1L, 1L, 1L, 1L, 2L, 2L,
  2L, 2L, 2L, 2L, 2L, 2L, 1L, 1L, 1L, 1L, 2L, 2L, 2L, 2L, 1L, 1L,
  1L, 1L, 2L, 2L, 2L, 2L, 1L, 1L, 1L, 1L, 1L, 1L, 1L, 1L, 1L, 1L,
  1L, 1L, 1L, 1L, 1L, 1L, 1L, 1L, 1L, 1L, 2L, 2L, 2L, 2L, 1L, 1L,
  1L, 1L, 1L, 1L, 1L, 1L, 2L, 2L, 2L, 2L, 1L, 1L, 1L, 1L, 2L, 2L,
  2L, 2L, 1L, 1L, 1L, 1L, 1L, 1L, 1L, 1L, 2L, 2L, 2L, 2L, 1L, 1L,
  1L, 1L, 2L, 2L, 2L, 2L, 2L, 2L, 2L, 2L, 2L, 2L, 2L, 2L, 2L, 2L,
  2L, 2L, 1L, 1L, 1L, 1L, 1L, 1L, 1L, 1L, 1L, 1L, 1L, 1L, 1L, 1L,
  1L, 1L, 1L, 1L, 1L, 1L, 1L, 1L, 1L, 1L, 2L, 2L, 2L, 2L, 2L, 2L,
  2L, 2L, 2L, 2L, 2L, 2L, 2L, 2L, 2L, 2L, 1L, 1L, 1L, 1L, 2L, 2L,
  2L, 2L, 2L, 2L, 2L, 2L, 2L, 2L, 2L, 2L, 1L, 1L, 1L, 1L, 1L, 1L,
  1L, 1L, 2L, 2L, 2L, 2L, 1L, 1L, 1L, 1L, 2L, 2L, 2L, 2L, 1L, 1L,
  1L, 1L, 1L, 1L, 1L, 1L, 1L, 1L, 1L, 1L, 2L, 2L, 2L, 2L, 1L, 1L,
  1L, 1L, 1L, 1L, 1L, 1L, 2L, 2L, 2L, 2L, 1L, 1L, 1L, 1L, 2L, 2L,
  2L, 2L, 2L, 2L, 2L, 2L, 2L, 2L, 2L, 2L, 2L, 2L, 2L, 2L, 1L, 1L,
  1L, 1L, 1L, 1L, 1L, 1L, 1L, 1L, 1L, 1L, 1L, 1L, 1L, 1L, 2L, 2L,
  2L, 2L, 2L, 2L, 2L, 2L, 1L, 1L, 1L, 1L, 1L, 1L, 1L, 1L, 1L, 1L,
  1L, 1L, 2L, 2L, 2L, 2L, 1L, 1L, 1L, 1L, 2L, 2L, 2L, 2L, 2L, 2L,
  2L, 2L, 2L, 2L, 2L, 2L, 1L, 1L, 1L, 1L, 2L, 2L, 2L, 2L, 1L, 1L,
  1L, 1L, 1L, 1L, 1L, 1L, 2L, 2L, 2L, 2L, 1L, 1L, 1L, 1L, 1L, 1L,
  1L, 1L, 2L, 2L, 2L, 2L, 2L, 2L, 2L, 2L, 2L, 2L, 2L, 2L, 1L, 1L,
  1L, 1L, 1L, 1L, 1L, 1L, 1L, 1L, 1L, 1L, 1L, 1L, 1L, 1L, 2L, 2L,
  2L, 2L, 2L, 2L, 2L, 2L, 2L, 2L, 2L, 2L, 2L, 2L, 2L, 2L, 1L, 1L,
  1L, 1L, 1L, 1L, 1L, 1L, 2L, 2L, 2L, 2L, 1L, 1L, 1L, 1L, 1L, 1L,
  1L, 1L, 2L, 2L, 2L, 2L, 2L, 2L, 2L, 2L, 1L, 1L, 1L, 1L
), levels = c(
  "PBO",
  "TRT"
), class = "factor"),